{"rm_object_type":"com.rapidminer.operator.visualization.dependencies.NumericalMatrix","rm_object_version":"10.2.0","matrix":[[1.0,0.3495835719702057,0.244200031195408,0.1236705093816936,-0.005307497279743147,0.6478650556322438,0.14997393031487882,-0.12219104449523188,0.04825036720783578,-0.19728051234079716,0.19734694315280824],[0.3495835719702057,1.0,0.006059783695289825,-0.1322379246900221,-0.08010525197616684,0.12459740307483208,0.3229522444260959,-0.34894794126143375,0.1467646800485869,-0.4525286314050984,0.4603363707855169],[0.244200031195408,0.006059783695289825,1.0,0.010264155167883695,0.9253436945960595,0.12005537114363933,0.030958855289949894,0.028948472280878382,0.2116325199443507,-0.14635894819933723,-0.12899590226128269],[0.1236705093816936,-0.1322379246900221,0.010264155167883695,1.0,0.04335747738225142,0.8257697124872004,-0.022811105882890512,0.4574292680103072,-0.1782347619161718,-0.08347917404980502,-0.04887569929211359],[-0.005307497279743147,-0.08010525197616684,0.9253436945960595,0.04335747738225142,1.0,0.011773831664904434,-0.0010944946165371964,0.08591043573904056,0.10800294104927141,-0.10624720504833478,-0.08897527294770415],[0.6478650556322438,0.12459740307483208,0.12005537114363933,0.8257697124872004,0.011773831664904434,1.0,0.07435745986016047,0.25825095766301687,-0.0995472113438773,-0.16287641349424112,0.06873432004112554],[0.14997393031487882,0.3229522444260959,0.030958855289949894,-0.022811105882890512,-0.0010944946165371964,0.07435745986016047,1.0,-0.11343086419543216,0.04348176595660635,-0.14023949346299522,0.1489630653574633],[-0.12219104449523188,-0.34894794126143375,0.028948472280878382,0.4574292680103072,0.08591043573904056,0.25825095766301687,-0.11343086419543216,1.0,-0.3021709528541857,-0.15790893429064534,-0.22299534296819293],[0.04825036720783578,0.1467646800485869,0.2116325199443507,-0.1782347619161718,0.10800294104927141,-0.0995472113438773,0.04348176595660635,-0.3021709528541857,1.0,-0.3918664980547398,-0.5533848007013519],[-0.19728051234079716,-0.4525286314050984,-0.14635894819933723,-0.08347917404980502,-0.10624720504833478,-0.16287641349424112,-0.14023949346299522,-0.15790893429064534,-0.3918664980547398,1.0,-0.2891886308263778],[0.19734694315280824,0.4603363707855169,-0.12899590226128269,-0.04887569929211359,-0.08897527294770415,0.06873432004112554,0.1489630653574633,-0.22299534296819293,-0.5533848007013519,-0.2891886308263778,1.0]],"columnNames":["amount","isFraud = 1","newbalanceDest","newbalanceOrig","oldbalanceDest","oldbalanceOrg","step","type = CASH_IN","type = CASH_OUT","type = PAYMENT","type = TRANSFER"],"rowNames":["amount","isFraud = 1","newbalanceDest","newbalanceOrig","oldbalanceDest","oldbalanceOrg","step","type = CASH_IN","type = CASH_OUT","type = PAYMENT","type = TRANSFER"],"name":"Correlation","theoreticalMin":-1.0,"theoreticalMax":1.0,"symmetrical":true,"firstAttributeName":"First Attribute","secondAttributeName":"Second Attribute","isUseless":false,"rm_object_annotations":{"AMResult":"Correlations"}}